-6.398323923349380493e-02
-1.172016188502311707e-01
4.490615427494049072e-02
-4.258477687835693359e-02
-4.105836153030395508e-01
-2.552676200866699219e-01
-6.166802346706390381e-02
-1.792962662875652313e-02
-3.000676333904266357e-01
3.664104640483856201e-02
1.726307272911071777e-01
6.406612694263458252e-03
2.066472917795181274e-01
-3.141988813877105713e-01
3.509723544120788574e-01
2.634108662605285645e-01
2.605072259902954102e-01
2.756091654300689697e-01
-1.545764207839965820e-01
-1.183266118168830872e-01
-2.554883360862731934e-01
-2.371369004249572754e-01
2.801143527030944824e-01
1.042188480496406555e-01
-2.682186365127563477e-01
2.608456909656524658e-01
5.815976858139038086e-01
-2.934373915195465088e-02
2.860632166266441345e-02
-8.224739879369735718e-02
1.634081304073333740e-01
3.428885042667388916e-01
-2.437490075826644897e-01
-2.369468212127685547e-01
5.125138908624649048e-03
-2.771284580230712891e-01
2.422302514314651489e-01
1.354041695594787598e-01
8.209212869405746460e-02
3.336473926901817322e-02
1.934143751859664917e-01
-2.883924245834350586e-01
-6.917238235473632812e-02
2.152728438377380371e-01
-2.954783439636230469e-01
9.255854040384292603e-02
4.654251970350742340e-03
2.821596562862396240e-01
1.712789833545684814e-01
-2.231439799070358276e-01
4.530832916498184204e-02
2.880930304527282715e-01
-2.939384281635284424e-01
-2.088427990674972534e-01
-3.396681696176528931e-02
1.867529004812240601e-01
-3.400144875049591064e-01
4.233019798994064331e-02
-1.356810331344604492e-01
-2.583651542663574219e-01
-9.772838652133941650e-02
4.968731850385665894e-02
-2.449232488870620728e-01
-9.759851545095443726e-02
-3.939368575811386108e-02
3.031624555587768555e-01
-1.744856834411621094e-01
-3.791772723197937012e-01
-3.721183165907859802e-02
-2.496796548366546631e-01
4.834394529461860657e-02
1.791262328624725342e-01
-9.288506954908370972e-02
8.034116774797439575e-02
-3.567924723029136658e-02
-1.955732703208923340e-01
-1.693307161331176758e-01
3.539368808269500732e-01
-1.520808041095733643e-01
-2.459059841930866241e-02
7.074043899774551392e-02
2.390677630901336670e-01
-3.223176598548889160e-01
-2.392191141843795776e-01
1.128345429897308350e-01
2.085005640983581543e-01
-1.191847175359725952e-01
-2.573201954364776611e-01
2.342006415128707886e-01
-3.721292912960052490e-01
-3.308133780956268311e-01
-3.824133798480033875e-02
-9.253238141536712646e-02
-1.340463310480117798e-01
8.090475946664810181e-02
1.621768474578857422e-01
-1.382125169038772583e-01
2.114699482917785645e-01
-4.572313129901885986e-01
4.725497215986251831e-02
-2.272340059280395508e-01
-3.132001459598541260e-01
-4.572736918926239014e-01
-2.888242006301879883e-01
-1.433794051408767700e-01
6.041451916098594666e-02
-2.852602005004882812e-01
-9.320006519556045532e-02
-1.487586796283721924e-01
-3.081850707530975342e-01
3.124184608459472656e-01
4.969409480690956116e-02
1.411659568548202515e-01
5.929307639598846436e-02
1.878052204847335815e-01
2.553609311580657959e-01
-3.929886221885681152e-01
-2.678684890270233154e-01
3.884731978178024292e-02
-9.191348403692245483e-02
-2.992352843284606934e-01
1.075028479099273682e-01
-3.030309677124023438e-01
3.038891255855560303e-01
1.707036644220352173e-01
-6.497299671173095703e-02
2.333474159240722656e-02
1.509315967559814453e-01
-3.042650520801544189e-01
3.408642113208770752e-01
6.321482360363006592e-02
3.829988837242126465e-01
1.475415974855422974e-01
-5.863955989480018616e-02
-2.551829516887664795e-01
-1.806952804327011108e-01
-3.741632699966430664e-01
1.997023373842239380e-01
1.062948182225227356e-01
-3.277023434638977051e-01
-3.153191804885864258e-01
3.917749524116516113e-01
-1.331214457750320435e-01
7.404134422540664673e-02
-1.660268753767013550e-02
-2.479686588048934937e-01
-1.398217529058456421e-01
2.064916491508483887e-01
2.962812483310699463e-01
3.700252771377563477e-01
3.602847754955291748e-01
3.162293136119842529e-01
2.799027562141418457e-01
-2.517945170402526855e-01
-1.393516212701797485e-01
-2.698478698730468750e-01
-3.161332905292510986e-01
3.432146906852722168e-01
2.484713643789291382e-01
-5.663173273205757141e-03
3.002140223979949951e-01
-1.234561502933502197e-01
2.235206514596939087e-01
-6.679624319076538086e-02
1.127964109182357788e-01
1.918084025382995605e-01
-3.270866274833679199e-01
1.445924788713455200e-01
-3.505885228514671326e-02
3.335442543029785156e-01
-2.527210488915443420e-02
1.326847523450851440e-01
-2.277557849884033203e-01
-3.536929786205291748e-01
2.236463129520416260e-01
3.083387017250061035e-02
-3.237881660461425781e-01
1.290191262960433960e-01
-1.341823935508728027e-01
2.563816606998443604e-01
-1.958034560084342957e-02
7.153416052460670471e-03
2.571578025817871094e-01
-8.294130116701126099e-02
-2.400194853544235229e-01
1.100302301347255707e-02
-2.672582268714904785e-01
3.127774596214294434e-01
6.582613289356231689e-02
3.832610249519348145e-01
-2.639862298965454102e-01
-2.273226678371429443e-01
-1.428385972976684570e-01
-3.416588306427001953e-01
-2.450475841760635376e-01
-1.166126504540443420e-02
-3.814464211463928223e-01
4.945942386984825134e-02
2.766047716140747070e-01
-1.699726679362356663e-03
2.517744600772857666e-01
-1.034373119473457336e-01
3.504220843315124512e-01
3.192638456821441650e-01
1.570359915494918823e-01
2.337403893470764160e-01
1.615408509969711304e-01
-9.030306711792945862e-03
-1.580882072448730469e-01
-2.548586726188659668e-01
4.865346848964691162e-02
2.486219406127929688e-01
1.202054787427186966e-02
-3.766226768493652344e-01
-9.979145973920822144e-02
-1.414675116539001465e-01
1.603733003139495850e-01
2.782455086708068848e-01
4.374437779188156128e-02
3.059256970882415771e-01
1.458356529474258423e-01
-1.221893429756164551e-01
3.995874896645545959e-02
1.218894422054290771e-01
-2.280204743146896362e-02
2.854569852352142334e-01
2.781678736209869385e-01
-8.194648474454879761e-02
-1.512904651463031769e-02
-1.953235119581222534e-01
-1.942486763000488281e-01
3.045120537281036377e-01
2.996030747890472412e-01
2.864725291728973389e-01
-3.130067512392997742e-02
3.587627112865447998e-01
-3.435158729553222656e-01
-1.176407337188720703e-01
1.389796137809753418e-01
2.637598514556884766e-01
3.981136903166770935e-02
-1.657550781965255737e-01
8.256357163190841675e-02
6.294096261262893677e-02
-8.608565479516983032e-02
1.159516349434852600e-01
-7.893270999193191528e-02
-3.184050321578979492e-01
2.073997259140014648e-01
3.424203693866729736e-01
3.136581927537918091e-02
2.086196988821029663e-01
-1.784138083457946777e-01
-1.642288416624069214e-01
1.640350520610809326e-01
-2.381702512502670288e-01
1.964802443981170654e-01
9.427624940872192383e-02
5.793429538607597351e-02
-1.959364302456378937e-02
8.322995901107788086e-02
-1.052896380424499512e-01
-6.392155587673187256e-02
6.764833349734544754e-03
1.372057497501373291e-01
2.611446753144264221e-02
-6.225335597991943359e-02
1.491762250661849976e-01
-4.477182030677795410e-02
1.930338442325592041e-01
1.607832163572311401e-01
-1.639240682125091553e-01
-1.678567230701446533e-01
-5.472968518733978271e-02
8.541730046272277832e-02
5.695404857397079468e-02
1.598949916660785675e-02
9.746609628200531006e-02
4.035456478595733643e-02
2.701381780207157135e-02
-5.949857831001281738e-02
1.470604538917541504e-01
2.360854893922805786e-01
1.070730611681938171e-01
1.906719356775283813e-01
-1.304747164249420166e-01
2.800199016928672791e-02
2.241741307079792023e-02
1.157148741185665131e-02
-5.405799299478530884e-02
1.523785293102264404e-01
-1.286039352416992188e-01
1.484756618738174438e-01
-2.338678576052188873e-02
1.625043600797653198e-01
-1.849517226219177246e-02
2.059101499617099762e-02
-5.867341160774230957e-02
8.402112126350402832e-02
1.630192399024963379e-01
-1.497064977884292603e-01
-8.633711189031600952e-02
1.472004204988479614e-01
1.237040832638740540e-01
3.109173849225044250e-02
-1.253600269556045532e-01
-7.993999868631362915e-02
8.027883619070053101e-02
1.517380475997924805e-01
1.244607642292976379e-01
-1.273029297590255737e-01
3.333422914147377014e-02
-4.312996193766593933e-02
7.907120883464813232e-02
5.552872270345687866e-02
6.777784787118434906e-03
-1.714129298925399780e-01
1.428557485342025757e-01
1.533921957015991211e-01
-7.342365384101867676e-02
-6.511204689741134644e-02
1.407843828201293945e-02
8.644037693738937378e-02
-2.355325967073440552e-01
1.084925383329391479e-01
-1.497833579778671265e-01
7.279426604509353638e-02
2.591331675648689270e-02
7.262660562992095947e-02
-1.799011379480361938e-01
8.918840438127517700e-02
8.379988372325897217e-02
2.380998805165290833e-02
-4.427121579647064209e-02
-1.725767403841018677e-01
1.874650418758392334e-01
2.633197791874408722e-02
-2.829793393611907959e-01
1.984173059463500977e-01
-1.188153326511383057e-01
1.522619873285293579e-01
-2.673560939729213715e-02
-8.613122999668121338e-02
1.017204821109771729e-01
-4.938612133264541626e-02
1.250967979431152344e-01
-9.836182743310928345e-02
1.338607221841812134e-01
-1.598627567291259766e-01
1.758975535631179810e-01
1.251428723335266113e-01
-1.532229781150817871e-01
-9.550549089908599854e-02
2.298492006957530975e-02
9.093684703111648560e-02
1.079846024513244629e-01
-1.396713554859161377e-01
-9.315851330757141113e-02
-1.267844587564468384e-01
4.157262854278087616e-03
-5.874507501721382141e-02
-4.738240689039230347e-02
2.344383671879768372e-02
1.259521543979644775e-01
5.468299984931945801e-02
-2.144038304686546326e-02
-5.316529422998428345e-02
8.064098656177520752e-02
7.892579585313796997e-02
-1.042898818850517273e-01
-1.311367601156234741e-01
-8.005443960428237915e-02
4.680524393916130066e-02
-1.039153486490249634e-01
1.164144724607467651e-01
-1.423471719026565552e-01
-3.343192115426063538e-02
1.323254555463790894e-01
-1.001789346337318420e-01
7.191521674394607544e-02
-8.595089614391326904e-02
-4.565910901874303818e-03
-9.098593145608901978e-02
-4.708288609981536865e-02
-5.816152691841125488e-02
-1.319587081670761108e-01
9.244757145643234253e-02
7.367534097284078598e-03
1.954203248023986816e-01
-1.434877514839172363e-01
-1.779139786958694458e-01
-4.004429280757904053e-02
-7.558411359786987305e-02
-5.343195796012878418e-02
-1.689614914357662201e-02
-9.564701467752456665e-02
3.254801407456398010e-02
1.330759376287460327e-01
1.482906192541122437e-01
2.032644115388393402e-02
-1.761503368616104126e-01
6.272062659263610840e-02
1.139180958271026611e-01
-1.097278073430061340e-01
-5.030880868434906006e-02
-1.510882377624511719e-01
1.964526176452636719e-01
7.859820872545242310e-02
-8.046351373195648193e-02
-8.006275445222854614e-02
-1.174682751297950745e-01
-1.343904137611389160e-01
-8.934402465820312500e-02
-1.029241755604743958e-01
-7.268527895212173462e-02
-3.422506153583526611e-02
-1.463170647621154785e-01
1.818570792675018311e-01
5.706337839365005493e-02
8.878380805253982544e-02
-1.283200830221176147e-01
6.023895367980003357e-02
5.855762213468551636e-02
4.031845927238464355e-02
-2.146154642105102539e-01
-1.339983753859996796e-02
-1.015700623393058777e-01
1.396853327751159668e-01
6.795694679021835327e-02
-2.105532214045524597e-02
-1.790309250354766846e-01
-3.534466959536075592e-03
8.312985301017761230e-02
9.340640902519226074e-02
2.334964275360107422e-02
1.525035947561264038e-01
1.134234815835952759e-01
-5.550887808203697205e-02
2.065397650003433228e-01
9.108463674783706665e-02
-5.798237770795822144e-02
1.445057392120361328e-01
-1.870309710502624512e-01
1.489053666591644287e-01
8.074568212032318115e-02
1.739803999662399292e-01
-6.403469294309616089e-02
-1.054432336241006851e-02
1.042620316147804260e-01
-1.514089107513427734e-01
-1.527001708745956421e-01
-1.684014201164245605e-01
-1.709875166416168213e-01
1.274618357419967651e-01
-4.069776087999343872e-02
5.613077059388160706e-02
2.054245918989181519e-01
-8.289533853530883789e-02
-3.049927763640880585e-02
-4.582540318369865417e-02
-1.436028033494949341e-01
-1.457087993621826172e-01
-1.451646909117698669e-02
1.023681759834289551e-01
-1.640157550573348999e-01
6.480368226766586304e-02
5.743217188864946365e-03
1.302123218774795532e-01
-1.434932351112365723e-01
1.217119917273521423e-01
4.845967143774032593e-02
-1.352137625217437744e-01
1.187650039792060852e-01
-1.447889953851699829e-01
-1.112914383411407471e-01
-1.492013782262802124e-01
-1.273069828748703003e-01
2.714096195995807648e-02
8.162844181060791016e-02
-9.967790544033050537e-02
-1.789870560169219971e-01
-2.718836069107055664e-02
-1.610484123229980469e-01
1.344095766544342041e-01
2.746817469596862793e-02
-1.145076900720596313e-01
6.681399792432785034e-02
1.265641301870346069e-01
-9.138097614049911499e-02
-9.753550589084625244e-02
-1.878263205289840698e-01
3.550187498331069946e-02
-4.941371455788612366e-02
-1.101706996560096741e-01
-1.780053675174713135e-01
1.442198269069194794e-02
8.059143088757991791e-03
-1.432745307683944702e-01
-1.181612685322761536e-01
-5.157850682735443115e-02
-1.033148840069770813e-01
-1.046137213706970215e-01
-1.192051470279693604e-01
-4.001718014478683472e-02
2.997287176549434662e-02
1.094109266996383667e-01
-1.515138894319534302e-01
-1.703839600086212158e-01
1.484556198120117188e-01
8.707754313945770264e-02
1.591359674930572510e-01
-7.972368597984313965e-02
-1.213050782680511475e-01
4.220603778958320618e-02
-1.621682494878768921e-01
1.012600213289260864e-01
-1.207005698233842850e-02
5.161351338028907776e-02
1.251034289598464966e-01
1.012037396430969238e-01
3.208588436245918274e-02
-7.603932172060012817e-02
-7.565078139305114746e-02
-3.542207181453704834e-02
-1.066793501377105713e-01
-1.241017580032348633e-01
-1.169048771262168884e-01
-1.275685615837574005e-02
6.180860474705696106e-02
-1.275653094053268433e-01
-1.450724750757217407e-01
-5.299679934978485107e-02
1.726226508617401123e-02
-1.071784794330596924e-01
1.133691221475601196e-01
6.727550178766250610e-02
-2.346367686986923218e-01
2.188672274351119995e-01
1.619037985801696777e-01
-3.839856758713722229e-02
1.339037418365478516e-01
-7.060979306697845459e-02
3.304377570748329163e-02
2.519984915852546692e-02
1.821739971637725830e-01
1.541124880313873291e-01
-8.723306655883789062e-02
2.943228930234909058e-02
1.489434391260147095e-01
-1.036756187677383423e-01
-3.125485405325889587e-02
-1.070054993033409119e-01
-9.001595526933670044e-02
-1.700956523418426514e-01
-1.114344969391822815e-01
7.931528240442276001e-02
1.120585352182388306e-01
8.589105308055877686e-02
-4.218343645334243774e-02
1.169489398598670959e-01
1.173210665583610535e-01
-1.361972838640213013e-01
-1.382348239421844482e-01
1.597944796085357666e-01
-1.059156805276870728e-01
6.477506458759307861e-02
1.607715338468551636e-01
-5.737950652837753296e-02
-2.983364462852478027e-02
-7.972141727805137634e-03
-1.374076306819915771e-01
-8.660832792520523071e-02
8.162079751491546631e-02
1.549969911575317383e-01
9.270673990249633789e-02
-4.294651746749877930e-02
4.678722098469734192e-02
4.825248941779136658e-02
1.024821996688842773e-01
-1.571625024080276489e-01
-6.047306954860687256e-02
4.339086264371871948e-02
-1.138880476355552673e-01
-3.128425404429435730e-02
-4.162649437785148621e-02
-5.486312508583068848e-02
-8.120093494653701782e-02
-7.330972701311111450e-02
-1.854006648063659668e-01
4.833638668060302734e-02
8.353839814662933350e-02
7.900352776050567627e-02
1.145503073930740356e-01
-1.548434346914291382e-01
8.253792673349380493e-02
-8.712883293628692627e-02
-1.525928266346454620e-03
1.349696773104369640e-03
1.650802940130233765e-01
2.861145511269569397e-02
2.536655403673648834e-02
-1.606338769197463989e-01
-1.812949180603027344e-01
9.734990447759628296e-02
1.644856482744216919e-01
3.836955875158309937e-04
1.402642112225294113e-02
1.188679710030555725e-01
-3.951403498649597168e-02
-2.832275070250034332e-02
-3.880591690540313721e-02
2.108184061944484711e-02
-9.084534645080566406e-02
-1.113734990358352661e-01
1.160452514886856079e-01
1.677114367485046387e-01
-1.082850396633148193e-01
-1.955131068825721741e-02
6.273229373618960381e-04
-3.734856098890304565e-02
-1.940229982137680054e-01
-1.492684986442327499e-02
7.496204972267150879e-02
-9.837197512388229370e-02
9.716975502669811249e-03
-1.168234348297119141e-01
3.713839873671531677e-02
1.193799525499343872e-01
1.090340092778205872e-01
-1.358764469623565674e-01
-1.036149561405181885e-01
-6.342445034533739090e-03
1.603476852178573608e-01
5.952173098921775818e-02
6.527322530746459961e-02
2.457600831985473633e-02
1.323746740818023682e-01
4.460008814930915833e-02
5.030800029635429382e-02
-1.444844603538513184e-01
-1.299197822809219360e-01
1.391419768333435059e-01
-2.971065975725650787e-02
-7.626947760581970215e-02
-1.484714895486831665e-01
-7.989937812089920044e-02
2.003777399659156799e-02
-9.773036092519760132e-02
3.203650936484336853e-02
4.162690602242946625e-03
-1.037689596414566040e-01
4.017532244324684143e-02
1.372610926628112793e-01
1.731744110584259033e-01
-1.329148411750793457e-01
1.566690355539321899e-01
7.541144441347569227e-05
8.934934623539447784e-03
-2.896124124526977539e-02
-1.687592118978500366e-01
1.378872543573379517e-01
-1.201274916529655457e-01
1.705342903733253479e-02
-1.483070254325866699e-01
6.592758744955062866e-02
-8.716031163930892944e-02
-5.610905587673187256e-02
-1.730355918407440186e-01
-9.440574795007705688e-02
-1.533212512731552124e-01
-1.536062657833099365e-01
1.794712734408676624e-03
-6.262011080980300903e-02
5.156817659735679626e-02
1.564633101224899292e-01
2.077310532331466675e-01
8.157305419445037842e-02
-1.975582838058471680e-01
-1.053629536181688309e-02
2.832805737853050232e-02
-1.589592695236206055e-01
-2.190404944121837616e-02
-1.454302072525024414e-01
-1.019343659281730652e-01
-2.036378085613250732e-01
-6.674021482467651367e-02
-2.937571331858634949e-02
1.215693056583404541e-01
8.526806533336639404e-02
-6.469208747148513794e-04
1.584689766168594360e-01
-1.280790567398071289e-01
1.137057170271873474e-01
-1.795546561479568481e-01
2.831280790269374847e-02
8.715570718050003052e-02
-1.102619245648384094e-01
-4.922254756093025208e-02
-2.023889124393463135e-01
1.293647289276123047e-02
2.757338434457778931e-02
-9.551645070314407349e-02
-8.083761483430862427e-02
7.739137858152389526e-02
-1.071429997682571411e-01
1.860270276665687561e-02
7.225213944911956787e-02
1.018676981329917908e-01
1.371670067310333252e-01
1.231182739138603210e-01
-8.848366886377334595e-02
1.227830052375793457e-01
7.237820327281951904e-02
-1.250186562538146973e-01
1.370412409305572510e-01
-5.335711687803268433e-02
-1.713461577892303467e-01
1.115384921431541443e-01
6.024505198001861572e-02
1.062958687543869019e-01
-1.795822530984878540e-01
-3.961212933063507080e-02
-1.041962653398513794e-01
-1.745702475309371948e-01
-1.337466984987258911e-01
5.769482254981994629e-02
-1.548791527748107910e-01
1.095582619309425354e-01
-2.073309272527694702e-01
1.581325381994247437e-01
7.284486293792724609e-02
3.059226274490356445e-02
4.263163730502128601e-02
1.163483113050460815e-01
1.255539804697036743e-01
1.733876168727874756e-01
-1.575894355773925781e-01
-7.024155557155609131e-02
1.561427414417266846e-01
1.162035614252090454e-01
1.001055836677551270e-01
-1.135657429695129395e-01
1.505097281187772751e-02
2.320212684571743011e-02
-7.750336080789566040e-02
1.749870777130126953e-01
-7.637450098991394043e-02
4.161631688475608826e-02
-1.147447824478149414e-01
-1.666550785303115845e-01
-1.171347033232450485e-02
9.696152061223983765e-02
1.012416332960128784e-01
1.405158662237226963e-03
-1.701908707618713379e-01
7.665219902992248535e-02
8.510127663612365723e-03
-7.319942116737365723e-02
-1.551391929388046265e-01
5.442075058817863464e-02
-4.981734231114387512e-02
-1.317212432622909546e-01
2.801907248795032501e-02
-1.874607242643833160e-02
-1.250664442777633667e-01
-1.712207347154617310e-01
6.577304750680923462e-02
7.815640419721603394e-02
-1.722057610750198364e-01
9.177359938621520996e-02
1.544683724641799927e-01
-6.932128220796585083e-02
-7.033620774745941162e-02
9.118443727493286133e-02
-2.173383831977844238e-01
3.827354311943054199e-02
-3.499954193830490112e-02
-7.914310693740844727e-02
-1.877492293715476990e-02
-1.138160750269889832e-01
4.237572848796844482e-02
-2.170665003359317780e-02
-6.526663154363632202e-02
-1.544248461723327637e-01
-6.753888726234436035e-02
1.274646371603012085e-01
4.646714776754379272e-02
8.435115218162536621e-02
-3.642196301370859146e-03
-9.802510589361190796e-02
-7.938634604215621948e-02
-1.469261385500431061e-02
-1.208961680531501770e-01
3.693527728319168091e-02
1.135608777403831482e-01
1.001225486397743225e-01
-1.387710273265838623e-01
9.979998320341110229e-02
1.925837434828281403e-02
6.538970023393630981e-02
1.249761283397674561e-01
-1.245173718780279160e-02
-1.466343551874160767e-01
8.215651661157608032e-02
-4.082680493593215942e-02
-5.099184811115264893e-02
-6.405363231897354126e-02
-1.777554452419281006e-01
-6.177150830626487732e-02
4.650379717350006104e-02
-7.608494721353054047e-03
2.056102640926837921e-02
-2.208288945257663727e-02
1.526152938604354858e-01
1.736504286527633667e-01
1.274575591087341309e-01
9.354900568723678589e-02
-4.418956860899925232e-02
8.920180052518844604e-02
7.095111161470413208e-02
-5.972937867045402527e-02
1.283469945192337036e-01
1.336325705051422119e-01
-5.571516975760459900e-02
-1.024578437209129333e-01
-1.167074814438819885e-01
6.568153388798236847e-03
-7.709188759326934814e-02
-2.107307687401771545e-02
3.729835897684097290e-02
-1.400237530469894409e-01
1.353503465652465820e-01
3.186863288283348083e-02
7.292816415429115295e-03
-7.199400663375854492e-02
-1.659012734889984131e-01
5.720882117748260498e-02
3.755711019039154053e-02
-1.382603049278259277e-01
-9.286264330148696899e-02
-5.169861763715744019e-02
-1.692858338356018066e-01
-7.238987833261489868e-02
7.154581695795059204e-02
1.313991248607635498e-01
1.627752929925918579e-02
-1.315540671348571777e-01
-9.226861596107482910e-02
-2.459345385432243347e-02
-5.962202325463294983e-02
1.176635697484016418e-01
6.269359588623046875e-02
-4.285386577248573303e-02
2.197046950459480286e-02
-1.079491712152957916e-02
-1.401906013488769531e-01
-1.413107514381408691e-01
-7.707796990871429443e-02
2.573158405721187592e-02
1.276730149984359741e-01
-1.339911669492721558e-01
-7.278097909875214100e-04
9.263848513364791870e-02
-1.492566466331481934e-01
1.618521064519882202e-01
6.745191290974617004e-03
7.421203702688217163e-02
-1.085770204663276672e-01
-1.089659333229064941e-01
9.251081198453903198e-02
-9.977382421493530273e-02
2.110210359096527100e-01
-1.698079407215118408e-01
8.792182430624961853e-03
-1.321847289800643921e-01
3.753848373889923096e-02
1.604990363121032715e-01
1.477570980787277222e-01
3.717565676197409630e-03
1.277633160352706909e-01
-1.614720970392227173e-01
1.792861372232437134e-01
-1.066846400499343872e-01
-7.861097902059555054e-02
-5.581987649202346802e-02
-1.949673593044281006e-01
5.107439681887626648e-02
1.509448438882827759e-01
1.908950805664062500e-01
-1.593932807445526123e-01
-1.198232546448707581e-01
7.987584173679351807e-02
-1.199742630124092102e-01
8.549865335226058960e-03
7.094774395227432251e-02
3.366798162460327148e-02
-9.822970628738403320e-02
-9.584058821201324463e-02
-4.240797832608222961e-02
-5.863960366696119308e-03
1.241987794637680054e-01
1.528053916990756989e-02
1.783407479524612427e-02
4.351241514086723328e-03
-1.574717015027999878e-01
-6.650076806545257568e-02
-4.185443744063377380e-02
-1.536920666694641113e-01
1.142557635903358459e-01
-1.231640353798866272e-01
-1.267392188310623169e-01
-1.582350879907608032e-01
-2.339790761470794678e-02
-1.584677398204803467e-01
8.724475651979446411e-02
-1.115777865052223206e-01
1.609735041856765747e-01
2.269117720425128937e-02
1.218744143843650818e-01
-2.666961587965488434e-02
-7.104704529047012329e-02
2.725371345877647400e-02
-4.182177409529685974e-02
-5.361219868063926697e-02
1.620175093412399292e-01
-1.471153348684310913e-01
-1.744175404310226440e-01
9.679268300533294678e-02
4.666921158786863089e-04
-1.026147529482841492e-01
-1.453900784254074097e-01
1.511984020471572876e-01
1.135690435767173767e-01
2.914792113006114960e-02
1.108272559940814972e-02
6.280031800270080566e-02
-1.981784701347351074e-01
-1.152703836560249329e-01
1.220056861639022827e-01
1.212010681629180908e-01
-4.111492633819580078e-02
-1.384849697351455688e-01
-1.630897223949432373e-01
1.261200010776519775e-01
7.847435027360916138e-02
1.369072198867797852e-01
-5.619767680764198303e-02
-1.491694748401641846e-01
1.061756983399391174e-01
-6.584588438272476196e-02
2.313493937253952026e-02
-6.304930895566940308e-03
7.919605076313018799e-02
-9.971706569194793701e-02
-3.381675854325294495e-02
5.475561600178480148e-03
-1.058841794729232788e-01
-2.351593412458896637e-02
-5.105413496494293213e-02
1.363765001296997070e-01
1.289725601673126221e-01
-9.129001200199127197e-02
-1.776552647352218628e-01
-4.155731946229934692e-02
9.178009629249572754e-02
6.932605057954788208e-02
8.968409895896911621e-02
4.812442138791084290e-02
-1.185032799839973450e-01
8.137942105531692505e-02
7.832032442092895508e-02
-9.724217653274536133e-02
1.124148909002542496e-02
-1.200757473707199097e-01
6.565793603658676147e-02
2.178743854165077209e-02
-1.060969755053520203e-01
-7.621551305055618286e-02
1.726006269454956055e-01
1.269862353801727295e-01
-2.577727846801280975e-02
3.153514117002487183e-02
-1.193603053689002991e-01
7.389035820960998535e-02
5.687925498932600021e-03
1.389894485473632812e-01
1.631897687911987305e-02
9.687801450490951538e-02
-3.691735491156578064e-02
1.197655424475669861e-01
-6.844738125801086426e-02
-8.201173692941665649e-02
-1.556133665144443512e-02
4.921197518706321716e-02
1.018185168504714966e-01
-7.341668754816055298e-02
-2.295408584177494049e-02
-1.590852439403533936e-01
-1.393177080899477005e-02
-9.179984033107757568e-02
-1.753199696540832520e-01
-1.740140169858932495e-01
-2.034119665622711182e-01
1.439858376979827881e-01
-3.676184639334678650e-02
-2.302062138915061951e-02
-8.053844422101974487e-02
-1.495030373334884644e-01
9.966164827346801758e-02
4.232423007488250732e-02
2.113742567598819733e-02
1.683483421802520752e-01
-1.344755589962005615e-01
1.133381873369216919e-01
1.769501566886901855e-01
4.252509400248527527e-02
1.281453073024749756e-01
-1.214268580079078674e-01
1.090420410037040710e-01
-6.418590247631072998e-02
-9.223450720310211182e-02
6.120282411575317383e-02
1.357457637786865234e-01
1.572679169476032257e-02
-1.718590408563613892e-01
7.790004601702094078e-04
7.711458951234817505e-02
-1.611068844795227051e-01
-1.996700167655944824e-01
1.405973285436630249e-01
-1.330802738666534424e-01
1.591387987136840820e-01
6.650863587856292725e-02
-9.466604888439178467e-02
2.745161205530166626e-02
-1.687874644994735718e-01
1.607898473739624023e-01
-1.035133972764015198e-01
-3.559302538633346558e-02
6.148435920476913452e-02
1.374782919883728027e-01
-1.205876767635345459e-01
6.151926517486572266e-02
-1.770429499447345734e-02
-6.369923241436481476e-03
-1.281502693891525269e-01
1.352863311767578125e-01
8.531441539525985718e-02
-2.611425705254077911e-02
1.432973658666014671e-03
1.644361168146133423e-01
-1.369573771953582764e-01
1.465131938457489014e-01
-2.595552802085876465e-02
4.235043004155158997e-02
1.770817339420318604e-01
-6.402027606964111328e-02
-9.373819082975387573e-02
8.884626626968383789e-02
7.161588966846466064e-02
-1.147507727146148682e-01
5.683027207851409912e-02
1.508335173130035400e-01
1.396513450890779495e-02
8.026258647441864014e-02
1.625083982944488525e-01
1.402576863765716553e-01
-1.426684260368347168e-01
-3.812075033783912659e-02
-4.957556352019309998e-02
1.819077134132385254e-01
-5.776300653815269470e-02
-1.541753858327865601e-01
-5.298917368054389954e-02
-5.782407149672508240e-02
1.770515739917755127e-02
2.427133545279502869e-02
2.491245605051517487e-02
2.222696878015995026e-02
-1.240998804569244385e-01
-1.235015764832496643e-01
-5.424639210104942322e-02
-9.329538047313690186e-02
-6.066717579960823059e-02
9.806800633668899536e-02
-1.515244394540786743e-01
1.671263128519058228e-01
2.868182770907878876e-02
1.041364818811416626e-01
1.539526879787445068e-02
1.056093350052833557e-01
-1.754775494337081909e-01
4.742577672004699707e-02
9.957265108823776245e-03
-1.179866865277290344e-01
-1.164304688572883606e-01
-9.241377562284469604e-02
1.101359575986862183e-01
-1.389524787664413452e-01
7.443249225616455078e-02
1.596129983663558960e-01
-1.358737051486968994e-01
-4.051130637526512146e-02
-1.494241040199995041e-02
1.202207878232002258e-01
-1.950615048408508301e-01
-4.648380354046821594e-02
-8.639708906412124634e-02
7.802392821758985519e-03
-2.249097824096679688e-02
7.404131442308425903e-02
1.536368280649185181e-01
-1.651891767978668213e-01
1.023058742284774780e-01
1.037997454404830933e-01
1.579794138669967651e-01
-4.005945846438407898e-02
1.215468123555183411e-01
5.481648445129394531e-02
5.699002742767333984e-02
-1.555048488080501556e-02
-1.320174187421798706e-01
7.488007843494415283e-02
-1.070026159286499023e-01
-6.639445573091506958e-02
-7.114656269550323486e-02
-5.245396401733160019e-03
-2.118105627596378326e-02
-9.064318239688873291e-02
-3.133015707135200500e-02
-9.963584691286087036e-02
1.192244663834571838e-01
1.561032980680465698e-01
8.919947594404220581e-02
6.639105826616287231e-02
1.033299416303634644e-01
1.212077960371971130e-01
-1.190133690834045410e-01
-8.706348016858100891e-03
-1.550484448671340942e-01
-1.141598150134086609e-01
5.723917856812477112e-02
-6.618230044841766357e-02
1.974301636219024658e-01
-2.604555152356624603e-02
-1.351022124290466309e-01
-4.944479092955589294e-03
-1.061881110072135925e-01
1.120339557528495789e-01
1.327627003192901611e-01
-4.809324070811271667e-02
1.113951057195663452e-01
-1.005482375621795654e-01
-1.540344487875699997e-02
1.477130502462387085e-01
6.717909127473831177e-03
-5.578725412487983704e-02
9.799244254827499390e-02
1.571036130189895630e-01
5.894883349537849426e-02
-9.049769490957260132e-02
-1.277292221784591675e-01
-1.358794718980789185e-01
2.557980641722679138e-02
-1.637663394212722778e-01
-1.056895479559898376e-01
-1.575499586760997772e-02
8.143603056669235229e-02
4.125475138425827026e-02
1.139751523733139038e-01
1.377983838319778442e-01
1.188506558537483215e-01
9.585891664028167725e-02
-4.038576036691665649e-02
4.911505058407783508e-02
-2.724264189600944519e-02
-5.223170295357704163e-02
-1.474402844905853271e-01
1.413360354490578175e-03
-6.376970559358596802e-02
9.082482755184173584e-02
1.622700504958629608e-02
1.364237219095230103e-01
-1.685487776994705200e-01
-2.073877863585948944e-02
-6.317240768112242222e-04
1.319244503974914551e-01
-7.078164815902709961e-02
1.537236422300338745e-01
-1.550518423318862915e-01
1.328928172588348389e-01
-5.338803865015506744e-03
-1.216041669249534607e-01
-1.119439005851745605e-01
-1.865062266588211060e-01
-1.048633232712745667e-01
1.648145467042922974e-01
1.575823873281478882e-01
5.188721418380737305e-02
-1.880119144916534424e-01
-3.360333293676376343e-02
-5.359378829598426819e-02
-1.863170713186264038e-01
1.081538051366806030e-01
-1.482101995497941971e-02
3.439175337553024292e-02
9.685669839382171631e-02
-8.417496830224990845e-02
1.006784010678529739e-02
-2.238775976002216339e-02
7.468191534280776978e-02
1.367559283971786499e-01
1.147943213582038879e-01
1.820700466632843018e-01
6.475207861512899399e-03
-1.258121728897094727e-01
1.024512425065040588e-01
8.464778959751129150e-02
5.645734444260597229e-02
1.565950177609920502e-02
-1.328940540552139282e-01
-6.226014345884323120e-02
1.188513338565826416e-01
1.576010435819625854e-01
-7.487905211746692657e-03
1.290919929742813110e-01
2.051600813865661621e-02
-1.139341741800308228e-01
1.410821229219436646e-01
8.082413673400878906e-02
-1.742549985647201538e-01
-1.063157841563224792e-01
-2.481421083211898804e-02
-1.419976353645324707e-01
5.176523234695196152e-03
-4.524580016732215881e-02
2.855341881513595581e-03
8.378402143716812134e-02
-2.765208110213279724e-02
4.892847687005996704e-02
2.086278237402439117e-02
1.896070539951324463e-01
1.776558309793472290e-01
1.653418391942977905e-01
-8.593901246786117554e-02
-1.502447724342346191e-01
-3.547948319464921951e-03
5.016263574361801147e-02
7.352017611265182495e-02
-1.339874267578125000e-01
1.540814042091369629e-01
-2.266020514070987701e-02
-1.979594230651855469e-01
1.992532163858413696e-01
1.298013031482696533e-01
1.329554915428161621e-01
9.024815261363983154e-02
-1.007406860589981079e-01
-1.164410635828971863e-01
1.227525919675827026e-01
-1.645598858594894409e-01
-1.075342390686273575e-02
-4.164888337254524231e-02
-1.016766428947448730e-01
1.511160284280776978e-01
-4.553835093975067139e-02
-4.605484753847122192e-02
-8.430862426757812500e-02
3.870076907332986593e-04
-1.341118067502975464e-01
1.379320323467254639e-01
1.055197566747665405e-01
-1.619113236665725708e-01
1.041226685047149658e-01
2.141777873039245605e-01
1.288677752017974854e-01
-1.100507304072380066e-01
-3.164000809192657471e-02
6.328699737787246704e-02
-5.591992661356925964e-02
8.869253844022750854e-02
7.638820260763168335e-02
-1.363602429628372192e-01
-1.477853655815124512e-01
1.529098604805767536e-03
-4.795690998435020447e-02
-1.899916827678680420e-01
-1.941553652286529541e-01
1.546720415353775024e-02
-6.669488549232482910e-02
1.267049312591552734e-01
2.254657261073589325e-02
-1.195990070700645447e-01
-2.097748219966888428e-01
1.910537183284759521e-01
-1.410009115934371948e-01
6.509540975093841553e-02
-2.995623834431171417e-02
-2.158160507678985596e-01
-1.749002933502197266e-01
-9.820777922868728638e-03
1.731880307197570801e-01
1.051776856184005737e-02
-1.525209695100784302e-01
-1.742820739746093750e-01
1.222786158323287964e-01
-1.682760417461395264e-01
-1.419476866722106934e-01
2.530435845255851746e-02
6.369833648204803467e-02
1.284651756286621094e-01
-1.438010334968566895e-01
-7.555527146905660629e-03
8.701804280281066895e-02
-1.305344104766845703e-01
5.712372437119483948e-02
-8.543805032968521118e-02
-7.627746462821960449e-02
1.137133240699768066e-01
1.220545172691345215e-01
-1.410065889358520508e-01
-6.514192372560501099e-02
5.338319763541221619e-02
-1.142878383398056030e-01
1.302300095558166504e-01
-1.070480868220329285e-01
5.755694210529327393e-02
1.104023903608322144e-01
4.625938460230827332e-02
1.305076926946640015e-01
-1.061155647039413452e-01
-1.155176535248756409e-01
1.791014522314071655e-01
4.930563271045684814e-02
3.119838424026966095e-02
4.138745740056037903e-02
5.266705527901649475e-02
-2.354774996638298035e-02
9.626732766628265381e-02
-6.736986339092254639e-02
8.227639645338058472e-02
4.925639554858207703e-02
-1.429374217987060547e-01
-8.445113897323608398e-03
1.527510434389114380e-01
1.519279330968856812e-01
1.056700572371482849e-01
-1.764592379331588745e-01
-1.312038749456405640e-01
1.533513218164443970e-01
1.318722665309906006e-01
4.141918569803237915e-02
-6.058499962091445923e-02
-4.915151000022888184e-02
8.188877999782562256e-02
-9.761625528335571289e-02
-1.472694426774978638e-01
-7.953456044197082520e-02
-1.029631942510604858e-01
-6.245629861950874329e-03
1.437432225793600082e-02
-7.417586748488247395e-04
1.116915866732597351e-01
7.227072119712829590e-02
1.729896813631057739e-01
1.451823413372039795e-01
-3.434712812304496765e-02
-4.089649394154548645e-02
-8.361114561557769775e-02
1.448568329215049744e-02
-5.377601459622383118e-02
5.203621461987495422e-02
9.360386058688163757e-03
-2.402715682983398438e-01
-1.343073248863220215e-01
1.896498054265975952e-01
-8.897595852613449097e-02
8.163579553365707397e-02
1.615892052650451660e-01
1.022260729223489761e-02
-1.154931783676147461e-01
-1.603569239377975464e-01
-8.341715671122074127e-03
1.339646130800247192e-01
-5.446892231702804565e-02
-1.039932221174240112e-01
1.926706433296203613e-01
1.132783107459545135e-02
-5.510286241769790649e-02
2.673929743468761444e-02
1.168136820197105408e-01
2.188485115766525269e-02
-1.325572729110717773e-01
-8.947300165891647339e-02
1.264346987009048462e-01
-1.921735554933547974e-01
1.555391028523445129e-02
-1.036702021956443787e-01
-9.377272427082061768e-02
7.856999337673187256e-02
-5.656617134809494019e-02
-2.409719303250312805e-02
1.175660416483879089e-01
-4.764867946505546570e-02
1.907854154706001282e-02
1.404491662979125977e-01
1.145650818943977356e-01
1.818882487714290619e-02
-7.755224127322435379e-03
1.591921448707580566e-01
-7.225193828344345093e-02
7.519958913326263428e-02
6.246882025152444839e-03
-1.329907327890396118e-01
-1.154227256774902344e-01
6.681226938962936401e-02
-1.047493517398834229e-01
5.527235567569732666e-02
-1.002505049109458923e-01
-1.479695886373519897e-01
-1.128051728010177612e-01
5.574057623744010925e-02
3.383702412247657776e-02
4.026793688535690308e-02
-8.986251801252365112e-02
-1.482958048582077026e-01
-1.175436079502105713e-01
-1.075218394398689270e-01
1.413902938365936279e-01
-5.930437892675399780e-02
1.319145690649747849e-02
1.417684108018875122e-01
9.227869659662246704e-02
-9.793078154325485229e-02
-3.648715093731880188e-02
1.031095460057258606e-01
1.122451797127723694e-01
-7.081276178359985352e-02
-1.678776293992996216e-01
-9.495155513286590576e-02
-1.750513166189193726e-01
-1.167347058653831482e-01
-8.060415275394916534e-03
-1.216959431767463684e-01
-4.425553977489471436e-02
-1.507263034582138062e-01
-1.530617624521255493e-01
9.056114405393600464e-02
8.269339054822921753e-02
-1.037329286336898804e-01
-7.711619604378938675e-03
5.737937241792678833e-02
-8.191813528537750244e-02
1.322935372591018677e-01
4.692236706614494324e-02
2.450807578861713409e-02
1.034389585256576538e-01
2.253300324082374573e-02
5.624633654952049255e-02
1.093684509396553040e-01
9.797699004411697388e-02
4.840614274144172668e-02
-1.627479791641235352e-01
1.426018029451370239e-01
6.910423189401626587e-02
6.339646875858306885e-02
-8.184605836868286133e-02
-1.402521133422851562e-01
-1.389726251363754272e-01
-1.543730944395065308e-01
2.068869769573211670e-02
5.608008801937103271e-02
2.144572734832763672e-01
4.267051815986633301e-02
2.004077732563018799e-01
9.699536859989166260e-02
-6.858729571104049683e-02
-1.466372162103652954e-01
-1.843179166316986084e-01
-1.860483884811401367e-01
-1.360045373439788818e-01
1.261793375015258789e-01
1.361919343471527100e-01
3.805633634328842163e-02
-2.004798874258995056e-02
9.716571308672428131e-03
-1.131246164441108704e-01
2.046841755509376526e-02
6.767803570255637169e-04
5.032583698630332947e-02
-6.030865758657455444e-02
-1.752463579177856445e-01
7.185184955596923828e-02
-1.432358771562576294e-01
-1.617302596569061279e-01
6.170394271612167358e-02
-4.140419512987136841e-02
1.571053862571716309e-01
1.369015574455261230e-01
-6.661585718393325806e-02
-2.392530255019664764e-02
9.156193584203720093e-02
-8.493445068597793579e-02
2.819432318210601807e-02
3.537146002054214478e-02
9.065940231084823608e-02
-1.460657417774200439e-01
3.100930713117122650e-02
-7.445777207612991333e-02
-1.212902888655662537e-01
7.568283379077911377e-02
-1.134280636906623840e-01
1.892512738704681396e-01
-8.220439776778221130e-03
-4.725127294659614563e-02
-1.172575801610946655e-01
1.425288766622543335e-01
-1.349846422672271729e-01
1.534946262836456299e-01
1.249861940741539001e-01
-7.937752455472946167e-02
-1.582901179790496826e-02
1.534944176673889160e-01
-1.774433851242065430e-01
-1.056443601846694946e-01
-5.313418433070182800e-02
7.467498630285263062e-02
-1.623631268739700317e-01
8.334559947252273560e-02
5.955612659454345703e-02
-4.117190465331077576e-02
1.050452068448066711e-01
6.658954918384552002e-02
-1.042071953415870667e-01
1.625732034444808960e-01
1.189551204442977905e-01
9.185426682233810425e-02
7.675909902900457382e-03
5.812066420912742615e-02
5.902084335684776306e-02
2.345335856080055237e-02
-1.750314980745315552e-01
1.372187584638595581e-01
-2.820223383605480194e-02
-6.203926354646682739e-02
-1.547368168830871582e-01
1.158703714609146118e-01
-2.807031385600566864e-02
-6.379780918359756470e-02
-4.958739131689071655e-02
-1.044886857271194458e-01
8.261799812316894531e-02
1.403141021728515625e-01
7.035207003355026245e-03
-8.063529431819915771e-02
-2.094154618680477142e-02
1.751669645309448242e-01
1.465346068143844604e-01
2.783123217523097992e-02
1.973672956228256226e-01
-1.544037908315658569e-01
1.178784742951393127e-01
5.457568541169166565e-02
2.450728323310613632e-03
1.697969585657119751e-01
1.097018569707870483e-01
-1.157416030764579773e-01
7.836213707923889160e-02
-1.325508207082748413e-01
1.282256692647933960e-01
1.111389230936765671e-02
-7.684581726789474487e-02
1.018327623605728149e-01
2.504803240299224854e-01
-4.890249669551849365e-02
9.768551588058471680e-02
-1.133555620908737183e-01
3.261758014559745789e-02
2.060571163892745972e-01
7.015110552310943604e-02
1.470071170479059219e-02
1.341806650161743164e-01
3.703900054097175598e-02
1.139762327075004578e-01
2.132920175790786743e-01
5.062801763415336609e-03
6.399191915988922119e-02
4.350554198026657104e-02
-6.834524869918823242e-02
1.831020861864089966e-01
1.348516345024108887e-01
6.700512487441301346e-03
-5.908003821969032288e-02
-1.711627990007400513e-01
3.527643531560897827e-02
4.025107994675636292e-02
8.737806230783462524e-02
-1.620077639818191528e-01
-1.915661394596099854e-01
-2.001811936497688293e-02
2.065311223268508911e-01
1.017147749662399292e-01
-1.268507093191146851e-01
-1.225335672497749329e-01
2.305685915052890778e-02
-9.332201629877090454e-02
5.305491387844085693e-02
-4.149967804551124573e-02
1.916671395301818848e-01
-1.525675356388092041e-01
-1.909926086664199829e-01
9.549518674612045288e-02
9.618300013244152069e-03
-5.026014894247055054e-02
-2.999379299581050873e-02
5.591456592082977295e-02
-8.685628324747085571e-02
-2.109744697809219360e-01
5.732567980885505676e-02
6.013782322406768799e-02
-2.956913225352764130e-02
-1.956576853990554810e-02
-7.996657490730285645e-02
-1.905856430530548096e-01
1.386069208383560181e-01
2.955692179966717958e-04
-4.159216210246086121e-02
1.968156732618808746e-02
-4.320316389203071594e-02
1.150158792734146118e-01
1.776935607194900513e-01
1.763582676649093628e-01
-1.535804867744445801e-01
7.745098322629928589e-02
1.073734313249588013e-01
-3.466952592134475708e-02
1.525929570198059082e-01
2.238541841506958008e-01
-1.001688092947006226e-01
-1.096976846456527710e-01
-9.477076679468154907e-02
-4.845457151532173157e-02
1.100861951708793640e-01
1.956454664468765259e-01
6.814964860677719116e-02
6.488134711980819702e-02
-1.959402412176132202e-01
-1.456930488348007202e-01
1.223453730344772339e-01
9.713061898946762085e-02
1.640853434801101685e-01
-1.117750853300094604e-01
3.219285747036337852e-03
-7.910208404064178467e-02
1.062270253896713257e-01
1.970891207456588745e-01
-1.896431744098663330e-01
-8.791495859622955322e-02
-1.207529082894325256e-01
-4.752535745501518250e-02
4.072263836860656738e-02
4.832535982131958008e-03
-2.838611900806427002e-01
7.068380364216864109e-04
2.023501088842749596e-03
-6.664680689573287964e-02
2.303763478994369507e-01
2.746146321296691895e-01
-1.656681597232818604e-01
-3.369213938713073730e-01
-3.861714005470275879e-01
1.150669157505035400e-01
-3.760794997215270996e-01
-3.221797347068786621e-01
-3.352723121643066406e-01
-2.152367383241653442e-01
3.547275960445404053e-01
1.688265800476074219e-01
-1.593016386032104492e-01
8.348415791988372803e-02
-1.198531687259674072e-01
2.386190146207809448e-01
1.515109091997146606e-01
6.127896159887313843e-02
-3.422645330429077148e-01
1.448109298944473267e-01
-3.018370568752288818e-01
-1.487367451190948486e-01
2.709025442600250244e-01
-3.477976024150848389e-01
-2.984726727008819580e-01
-3.111880421638488770e-01
-6.440707296133041382e-02
-3.815849125385284424e-01
-3.008220195770263672e-01
2.637515664100646973e-01
-4.941866919398307800e-02
1.472159773111343384e-01
-2.133844941854476929e-01
-2.467757090926170349e-03
-1.042141616344451904e-01
1.611966490745544434e-01
-2.089861407876014709e-02
-2.584347315132617950e-02
-6.338392850011587143e-03
8.522260934114456177e-02
-4.878909140825271606e-02
1.167040541768074036e-01
-1.587400734424591064e-01
8.763392269611358643e-02
-1.688755750656127930e-01
-1.681284457445144653e-01
-1.640684902667999268e-02
-9.495853632688522339e-02
1.728313863277435303e-01
2.869160845875740051e-02
-1.150716915726661682e-01
-8.260875940322875977e-02
1.061460226774215698e-01
-9.570031613111495972e-02
2.030407041311264038e-01
1.363510042428970337e-01
1.172475963830947876e-01
2.354651317000389099e-02
8.437038958072662354e-02
9.773448854684829712e-02
5.751403048634529114e-02
1.602788269519805908e-01
9.505724906921386719e-02
-1.919701322913169861e-02
-1.802290827035903931e-01
-1.276796609163284302e-01
-4.745066910982131958e-02
-1.318551450967788696e-01
7.453931495547294617e-03
-3.992680832743644714e-02
-1.851356029510498047e-01
-1.465217303484678268e-02
-7.725564390420913696e-02
-6.965959072113037109e-02
